4294967294,0
4294967278,17
4294967278,20
4294967278,19
4294967278,18
4294967278,185
4294967278,25
4294967278,24
4294967278,23
4294967278,22
4294967278,21
4294967278,180
4294967278,36
4294967278,35
4294967278,34
4294967278,33
4294967278,32
4294967278,31
4294967278,30
4294967278,29
4294967278,28
4294967278,27
4294967278,26
4294967279,21
4294967279,19
4294967279,15
4294967279,14
4294967279,13
4294967278,179
4294967278,178
4294967278,177
4294967278,176
4294967278,175
4294967278,173
4294967278,172
4294967278,171
4294967278,170
4294967278,169
4294967278,167
4294967278,166
4294967278,165
4294967278,164
4294967278,163
4294967278,162
4294967278,161
4294967278,160
4294967278,159
4294967278,158
4294967278,157
4294967278,156
4294967278,155
4294967294,36
4294967294,39
4294967278,153
4294967294,1070
4294967294,1069
4294967294,1067
4294967294,1066
4294967294,1061
4294967294,1050
4294967294,436
4294967294,158
4294967294,157
4294967294,156
4294967294,155
4294967294,60
4294967294,42
8,6
8,0
8,5
4294967279,268
4294967279,0
4294967294,93
4294967294,95
4294967294,50
4294967294,51
4294967294,180
4294967294,175
4294967294,176
4294967294,469
4294967294,162
4294967294,92
4294967294,88
4294967294,104
4294967294,106
4294967294,189
4294967294,384
4294967294,190
4294967294,202
4294967294,22
4294967278,132
4294967278,131
4294967278,130
4294967278,256
4294967278,129
4294967278,128
4294967278,127
4294967278,126
4294967278,125
4294967278,124
4294967278,123
4294967278,122
4294967278,121
4294967278,120
4294967278,247
4294967278,119
4294967278,245
4294967278,118
4294967278,243
4294967278,117
4294967278,241
4294967278,116
4294967278,239
4294967278,115
4294967278,114
4294967278,113
4294967278,112
4294967278,111
4294967278,110
4294967278,109
4294967278,108
4294967278,88
4294967278,174
4294967278,225
4294967278,107
4294967278,223
4294967278,106
4294967278,221
4294967278,105
4294967278,219
4294967278,104
4294967278,217
4294967278,103
4294967278,215
4294967278,102
4294967278,101
4294967278,100
4294967278,99
4294967278,98
4294967278,97
4294967278,96
4294967278,95
4294967278,94
4294967278,93
4294967278,92
4294967278,91
4294967278,90
4294967278,89
4294967278,87
4294967278,86
4294967278,85
4294967278,84
4294967278,83
4294967278,260
4294967278,82
4294967278,81
4294967278,80
4294967278,79
4294967278,78
4294967278,77
4294967278,76
4294967278,75
4294967278,74
4294967278,73
4294967278,72
4294967278,71
4294967278,70
4294967278,69
4294967278,68
4294967278,67
4294967278,66
4294967278,65
4294967278,64
4294967278,63
4294967278,62
4294967278,61
4294967278,60
4294967278,59
4294967278,58
4294967278,57
4294967278,56
4294967278,55
4294967278,54
4294967278,53
4294967278,52
4294967278,51
4294967278,50
4294967278,49
4294967278,48
4294967278,47
4294967278,46
4294967278,45
4294967278,44
4294967278,43
4294967278,42
4294967278,41
4294967278,40
4294967278,39
4294967278,38
4294967278,37
4294967278,0
4294967279,174
4294967279,20
4294967279,18
4294967279,17
4294967279,16
4294967279,276
4294967279,12
4294967279,273
4294967279,11
4294967279,259
4294967279,10
4294967279,9
4294967279,8
4294967279,7
4294967279,6
4294967279,5
4294967279,4
4294967294,30
4294967294,160
4294967294,1
4294967294,46
4294967294,17
4294967294,99
4294967294,76
4294967294,41
4294967294,43
4294967294,388
4294967294,52
4294967294,165
4294967294,25
4294967294,168
4294967294,166
4294967294,24
4294967294,183
4294967294,26
4294967294,177
4294967294,81
4294967294,82
4294967294,67
4294967294,11
4294967294,127
4294967294,14
4294967294,126
4294967294,12
4294967294,68
4294967294,5
0,5
4294967294,7
4294967294,6
4294967294,1418
4294967278,379
4294967279,568
4294967294,1048
4294967278,378
56,11
56,10
56,9
56,8
56,7
56,6
56,5
56,4
56,3
56,2
56,1
4294967279,567
4294967278,377
4294967294,1437
4294967294,1436
4294967279,566
4294967294,1435
4294967294,1434
4294967294,1433
4294967279,565
4294967279,564
4294967278,376
4294967294,1432
4294967279,563
4294967279,562
4294967279,561
4294967278,375
4294967294,1431
4294967278,374
4294967294,1074
4294967294,1430
4294967278,373
4294967279,560
4294967294,475
4294967279,559
4294967278,372
4294967278,371
4294967278,370
4294967279,558
4294967294,1429
48,14
48,13
48,12
48,11
48,10
48,9
48,8
48,7
48,6
48,5
48,4
48,3
48,2
48,1
4294967279,557
4294967278,369
4294967279,556
4294967294,1428
4294967294,1427
4294967278,368
4294967278,367
4294967294,1426
4294967294,1425
4294967294,1424
4294967294,1423
4294967294,1422
4294967294,474
37,5
37,4
37,3
37,2
37,1
4294967279,555
4294967278,366
4294967278,365
4294967278,364
4294967279,554
4294967278,363
4294967294,1421
4294967294,1420
4294967279,553
35,11
35,10
35,9
35,8
35,7
35,6
35,5
35,4
35,3
35,2
35,1
4294967278,362
4294967279,552
4294967278,361
4294967279,551
4294967279,550
4294967278,360
4294967279,549
4294967279,548
4294967278,359
4294967279,547
4294967278,358
4294967279,546
4294967279,545
4294967279,544
4294967279,543
4294967278,357
4294967278,356
4294967278,355
4294967279,542
4294967278,354
4294967279,541
4294967279,540
4294967278,353
4294967278,352
4294967278,351
4294967279,539
4294967279,538
4294967279,537
4294967278,350
4294967279,536
4294967279,535
4294967278,349
4294967279,534
4294967278,348
4294967279,533
4294967279,532
4294967278,347
